209027076
3702791
526974986
99024907
45023247
57114647
2981930
25395256
140804155
283902012
125239357
32145470
78643266
563544135
26804298
57213003
80937034
22642768
199196763
180420706
481984610
491389031
5570669
884846
137822326
377258103
283312251
404652162
15204489
178061453
354615438
378405013
216924310
122847386
469336224
392462501
230621356
144769205
256016566
41222327
5472448
88178880
521961684
4882653
590053
83132645
82215143
54919412
144900359
51511561
309985551
167575825
36667671
471630124
363430192
753973
3965245
231670084
553320780
6455642
256541020
146899302
50332010
423493996
4358516
49250677
224231811
17596815
301040016
22348183
173867418
87196064
147816870
3506605
139526576
521699764
279970230
178028983
269844922
58425789
37159366
300057035
460751313
428704230
538935782
165216749
514327023
251462133
230851066
18153979
6357500
160596481
327811588
9765383
137396744
2654739
127828499
3408405
36831767
5931559
469565993
15860268
294453806
272368181
475562551
8323641
208699988
307036759
79659619
15925864
259424874
453640810
93127296
253428353
22413954
19792515
127402635
438436502
93258392
267485856
165937825
106922676
318603966
567083711
13894340
70091470
5472980
51282645
289866452
364151531
349897461
13697788
216302337
261489419
167117582
174457627
213123870
138314534
232981291
12354350
1409848
83723068
468747078
271713098
83854157
20513615
3441504
13960039
231506794
540214139
21824384
437650313
70910877
5276578
454820778
392659889
21562303
8913856
89916354
80839628
4588493
121308109
91358159
71828435
6947801
220365798
97125355
7996409
19891195
2425852
22512637
71959553
123077637
213386248
18252812
168231949
59835408
185074705
208143386
271418396
139985956
178717733
276956200
21595183
205554736
95192114
385844290
406455364
290817093
530908260
225018981
332366958
148112502
254968958
182453377
65438854
289080462
150865044
22348949
9798818
97092771
20874408
325649585
81953980
564397244
2163908
355009752
134251749
10519788
233112816
321455358
154109188
11732231
410944779
512034073
52593947
567641381
137594159
58197296
392103216
190973234
10323251
81921335
373982521
21759291
23758151
25167180
184452429
400852305
11175253
102303075
361268582
348194160
129762690
9897349
396461460
80315797
220661141
67405207
409830809
389416348
514393505
97453476
165291
48825772
137823679
132744640
190973384
173606347
184223188
73369045
2000342
4687329
264439267
164529637
10290662
405210606
449185268
337053177
387188230
166954503
40076809
212665892
329319972
297043494
165971495
311887444
492799577
423757404
7997021
38307433
158500460
498828911
136349307
60098172
176686722
304088714
10716814
139986580
231065
453478052
247924396
103089846
419563201
459671239
304056017
481101523
16156382
546309861
53184234
154175231
3409668
5179147
150275860
230623020
444892976
568723255
2000696
74024764
57607998
5867339
473073483
504825678
65242966
51513175
231966557
190252896
24676200
313952106
337348459
1050476
350226290
168101754
17532802
176752517
66848646
514852743
140740494
105482135
399542174
9930658
271583138
94144420
51087269
93161381
3442599
1181614
490964914
423659443
516818876
5965758
564889534
41093062
254445515
62818265
30803934
273713119
315394014
270862305
78612479
204277768
464324617
5605389
351045645
8685584
86214678
25757720
514230296
431556643
82643008
205326411
58984535
193529944
272173147
67680
10750057
4393067
251463788
179308662
533629055
126683266
5277828
26544262
476055687
509970568
9570444
566757520
488999075
182126770
343574708
29100215
48695480
3082427
6621375
243665088
248252612
57641165
65571030
214567127
183404762
221743322
69372124
297470172
1280227
95160548
49187051
62228716
82282745
71502081
450103556
353536264
362769
192416038
1313063
38078770
511248692
293210426
384895294
274172231
5179723
28510540
71240013
59509070
184027502
53545337
480283001
37521801
448563601
461605284
537299366
340855216
228034993
292948401
158632384
4524481
50661827
208865733
544344519
5704139
159353301
72092127
373459437
6425085
549718527
5048836
202541572
5442056
124422670
175639054
193661454
230623764
204179990
33851933
205785631
451709478
61868585
165906994
545032779
479627856
224168542
68258408
6785643
35719804
273582722
13077134
428182188
54823605
495815355
36539073
1411778
26053327
496569051
234359521
367430370
6523631
145361647
66915061
35588855
3083000
11340538
22776571
489196286
24152842
183438090
90049305
10390299
35615
365300525
141658937
339675970
447122242
82217799
221580119
59902820
3050341
145492836
3541868
7539565
129043313
32312193
7015300
13437832
499059615
12290991
406031280
61672369
545065907
71306169
44567495
178260942
1215449
419728353
222890978
456133601
1772522
6458348
147721209
132713475
89951244
21892126
525667364
3378220
47942706
500108338
215059508
8457276
193498185
266505297
17861714
390204498
474680406
3172
34376816
44305533
21630082
164433031
353340556
97946765
320146573
306973842
219548828
7900318
224201890
544771239
302550186
554962104
10161349
68652244
462392537
303008989
5803235
310906083
169905381
230100201
559484137
348687595
540380407
439192839
89656587
92736782
80776464
479268113
141364514
350555433
509152557
300322094
11767088
35917105
5672243
33197380
480251205
477367625
570854738
24546646
521309563
139791749
15797643
12520845
172494222
147328404
258477463
9080220
148016541
822707
113937844
260115899
5279166
1773010
221646293
425725397
62066142
186977763
316280292
32181737
515149290
70749675
39620076
132320750
43322863
188354038
101882
56561148
202182151
138087946
6098449
349965844
444239385
3313178
24612386
2788902
29789735
173739561
150572587
19041836
441454123
331315
522030667
492310113
60952169
18550384
49581684
24448633
567611023
132517524
271027861
195530390
31362713
67145373
1117858
329027235
8031909
19926698
74616494
1216176
219713200
21696206
6917845
361139925
484871893
98733799
484151016
100798195
75894516
133861107
137826039
7343871
17305348
823051
72683284
22777631
139530016
24678179
3280681
359075636
357207874
431591235
312381261
2592602
50728804
197791592
162271082
243568497
199593842
13668224
138678152
137105290
365399975
397316018
121737141
2723769
27627456
449253316
188485575
561090503
16060372
118231004
62197727
790499
16322535
397293
374247408
253169649
2101237
336564220
124686333
424415230
7770118
343412745
26152972
216141851
317526043
2363423
80056354
85069859
134746156
37359668
166727739
209293380
82448468
283086960
1314934
547491959
566104189
194220160
114135169
530780296
197169289
45289615
26120337
168693914
154701993
271028402
336466108
28741821
60428478
287707334
364756
369660116
22548698
41685218
21041399
164434167
34050297
414093561
4493566
450498815
356716812
176951572
560664874
398397742
208802103
2658623
278335812
72421706
569413969
542183762
9736536
133960025
151785820
8982878
452104542
548016483
139497842
86118772
238162296
308547962
53252477
93098378
150409617
120951191
23302552
10719645
5050782
523833759
25792931
126652844
290886068
139858359
15897018
557191614
81400264
99619281
21369312
110694883
374936039
19436023
2167291
68096511
6525447
823819
63738385
8950295
30904863
188125741
7082553
172003901
22221382
187732553
15340107
368415315
17175126
409768560
156308085
143168131
455479939
129372808
3773070
145855134
331944613
71045810
2233014
150639292
145527490
301699779
231445193
1151695
24810199
139793119
156275425
6460132
541102838
170562302
25072396
17765139
14750496
49451810
228004659
3904314
437916478
4232004
126817096
146051912
174101321
169841485
33493840
183243602
58495827
201954138
226726749
185308010
30577544
23925653
74257306
202118048
81105828
313856934
201135019
13439917
49419183
459871163
33002432
52761538
15111106
471667654
453907398
955336
548836294
382899160
318772209
307696632
527864827
165778429
79336449
37262350
377656338
407802908
5149726
444437549
62690352
17011772
46404669
39294022
78091345
5542996
538711141
21632110
12358781
50992259
150803588
378770564
529568904
61674635
185111695
391189647
77141139
83498137
310613147
5346459
57185442
370152610
20518064
204248272
6165716
262804696
53613785
384144602
5838044
57677041
95327485
106173693
143463685
65344779
141759758
1086742
195925281
155850021
472651066
5438
32707903
281056576
309892420
182195531
253793619
414815574
16848239
297768310
5576058
55711099
191370662
558405036
557290935
422254032
182457819
419927520
494474725
26023408
135075313
211916273
552670710
79205881
154801657
28349966
285054489
199628326
15930929
463574584
94672441
147822137
564598330
167220798
504829521
259528275
194451031
465475162
17471067
52696677
292525673
423204463
164370035
534025843
303076985
145593981
316544642
85661318
263558793
102045333
452400790
212407970
9868970
45651633
562861748
6198966
96376510
4855487
14358216
151525064
1808088
267196120
29103842
37000930
503846635
135403245
70293241
138319613
37918472
277419786
235276
7083796
338794266
81139496
1447721
121181994
188782380
65869616
336434995
568563509
478582583
54662976
31004487
323884876
151033678
176494415
338958161
566990674
13244260
30283621
286791525
42768235
430118764
3938158
277485426
5412737
41064326
170989448
110106510
168040335
147527569
3086226
368449430
12785572
133142444
504240045
30644144
497752000
272275398
389846982
475764686
483301326
104634336
42932206
239998959
533633029
187963399
324474887
276764686
229939218
28547101
42440746
2201646
265721906
384309306
283416651
335910991
155261028
8231017
189372534
3971202
276994181
417536141
72390802
230922396
192780445
14194848
70686893
3348654
11507910
98605254
40114380
133503197
111515878
311597287
476125416
501717234
47716596
5052665
150509818
526031111
429201676
109615381
6887706
2005285
1120553
38312256
31791426
192747843
18684230
85563721
26745163
92313933
24353114
1513821
4921701
100178284
36542840
77896071
102046104
10033562
25500066
365795748
409016745
7870895
250091953
406002108
3414462
249207233
103881158
164010438
75798985
13539794
140646867
37231067
6396394
3021301
547232254
211163653
286038540
124492314
132880925
119937568
22714915
482220583
51878441
275388983
93297225
571578971
104503901
49125983
19667560
73407084
146152046
183671414
5773949
177445507
566237838
357767831
157686429
19503775
311433891
28973733
221354661
121346727
9542312
493558451
422386356
481598171
311663324
9214685
1776352
18684642
502602467
30907115
18586349
104176369
135994099
18619125
163060473
4004602
425728772
2431749
241703687
19471114
264936205
92642064
193174289
400890645
210148121
421141274
212212510
343808799
1678117
100801321
466885427
133798708
141630274
292363075
552213315
30415685
254745432
277879643
244226925
431135604
31005570
503880578
185080724
14392217
563616668
226827167
441555872
387292066
73079720
140057514
45292460
22125485
563616685
144350147
240491459
51092425
202742732
3644378
65084393
18226166
86776824
120822793
180296713
524262411
92347407
1416215
100015131
82123815
73407533
4365359
24648753
26319922
468327474
145038389
213064758
20945980
289905724
302146
83795022
45096020
242752603
191077475
15801454
137501806
487660660
244358269
529538178
27434118
9247879
155294865
14654616
6560922
142580893
239377569
360258728
392895658
324050113
31857859
436673748
77503703
164797657
344562921
450108676
27270411
303111435
94706963
300948766
65117488
3349816
232004924
175709502
235609408
11410754
559848774
35921225
2661707
103554388
328965469
89202015
390176100
535174501
119283056
406003057
215424404
281550231
138656
179543463
223550887
92446121
99458475
239869361
68001202
21306803
171449
240328131
121445830
5774795
243506635
5053902
168992211
255106516
239410650
33332699
350100958
114793952
33529316
468295141
37363172
135339496
207003116
9149932
6135289
138812926
209624581
334437894
441785862
9051658
186457614
2661907
238493206
468360730
369466909
20618786
568892976
10624566
69279286
278830647
127016514
58531416
3415644
344137313
497852004
395779692
114171537
450764434
322576026
503684767
123608745
61054637
11181744
510992053
17145527
77242040
7544510
118988482
21831369
364912331
174431949
21307092
436936420
278372070
304127718
78880489
567123691
73637621
45227769
43425537
533208852
11312919
42573593
13180705
324706086
456892204
427106103
225386301
4955967
40410961
338599762
3055451
553033566
229252963
554835812
8593261
374579054
87629683
234430338
26714000
5676950
194977696
3743649
107880353
451780515
14098342
159817643
17964972
295411627
400629678
15638450
556179378
4071348
30318516
354557878
259661772
20881359
33628111
143466447
6299602
270292
339976152
205529052
61579232
4726755
346660841
65675245
6561775
302030836
17571837
184229886
529571854
227385363
31301669
175710248
401842223
189276209
404529204
520396859
32710730
25600084
1482847
28647538
57221242
139386
5185660
223912081
547725458
500113557
111354010
29892763
242753690
392536219
61677737
91005097
79863982
185049262
4333749
53158076
7348413
544022721
368849
49586389
8888542
19734750
3743969
209690859
546676977
73539835
176496891
400728320
427172097
11870476
230138125
485957908
1220888
193437977
409182488
28057888
81600802
191275300
219652388
221978932
133046581
265953605
52207946
552542542
109814117
131932520
208183658
441753966
2662769
88547699
6398336
7905678
436609436
176595359
144515500
138256833
8397253
363307468
232038863
200483290
1352177
194716148
17867258
178725374
567845374
288039436
49914384
54632980
194093589
474096166
236331583
1122883
62923346
24814165
270246487
418652762
60400219
29696609
12558950
2990701
568697455
4760179
45785723
361833088
22028950
126558873
47030938
43262619
142353050
220471966
277324448
245179055
30614207
96281283
4072134
243671754
4760277
17081045
401580773
113353451
200745709
432513776
140190450
20128501
232694533
39461640
25371408
165159719
120431401
241836850
6791992
413967179
83305294
45818708
197436254
195142495
74613
239706998
76620666
306258812
471737217
181085064
9100
428614546
171090843
454075291
11903904
136061856
11248546
202253239
380281785
19538874
562078652
227845054
263300031
88613824
172106707
20095958
310813662
381821920
350168034
534750180
542319591
38020091
795651
537109511
8168467
49587228
4957219
60367908
21603370
1713221
9512013
992334
144974925
550511694
106374236
485598302
355607650
135767142
474162279
89891945
180102273
449160325
75048085
193569947
3941535
438346917
380085417
323691691
87467181
4826286
69117104
443655356
199304391
50734288
7152851
191210713
163456220
9282789
136062182
13903094
436577530
91235579
158147837
551396616
409609481
502670605
533046543
432809244
95135025
556410161
86582580
295675191
459711804
487335229
23602495
7152962
61941060
295380293
93136198
19014987
28353881
430318949
150578537
253666668
50242940
19604861
7415166
96019837
418620799
340993413
62924180
121546142
87893408
350004645
365012404
177055158
523773374
104244673
400762321
474818008
534128097
376710628
90056165
195765734
256353774
343090671
30713351
94021139
434710036
1943078
32646695
137405991
459908662
64595516
37692990
93922879
153429566
121972290
172992066
154150476
471017049
50505307
403973725
12330591
516433505
500967013
246392423
383264372
165619322
373597822
24061572
27108999
26650264
159295130
238462625
5220003
248325809
491529905
448210614
231843514
429139661
316516046
510011088
238298856
172369644
530917104
192816884
241706740
553297653
28649236
13936411
47621918
599852
6268716
8005426
35137343
478127950
29665117
385165162
535275386
161458050
410396558
179349400
442771352
143599514
158443422
46114721
6858666
1550254
195700656
75638707
894911
566339528
80750542
33728490
206514155
16689132
1648626
24389618
373139444
472721399
137013241
12265476
1255429
334505991
394045452
273786898
121677843
87173141
30222366
475703329
8529957
370550822
73115688
2140206
59648055
507422776
207202363
72919100
30746686
163883080
21866569
205989975
15444060
174172252
97167456
149039205
9414771
227715187
3418233
186394753
22718614
25012376
195635357
169945252
410495157
559130806
16459963
21866695
36645066
140716234
413313226
172337362
137865428
3975382
40184031
244590815
413870312
23374062
139798774
255437046
257796343
276310269
441460995
5581071
6433039
67119386
247900443
2697500
409970974
447818021
20588838
928041
90253610
340601134
203368751
16427312
468068656
224962866
409119030
460368190
62761283
397289807
68921689
204319066
500312413
8792424
19900778
2828659
17017212
290957692
82422145
302033291
333556112
236333468
60959143
36383144
39004585
3582381
237447603
213985725
137046475
565225936
529476049
423635412
402631141
508242408
7678445
247146998
28289540
101329413
361212465
370944562
203958837
201239102
2730559
483011149
111159886
284764754
20654677
48376407
3779174
361540202
366488172
166931055
183511663
138422899
525380221
161393289
155396751
453847705
147532443
4336287
17705635
214379172
143207077
174767
476785335
205793977
176532154
348269243
45951676
534162110
504113855
23505605
136719047
540814040
307014362
14035677
563129082
141142782
52407048
42117902
74394392
699167
454961954
21015331
148155187
54963022
99232591
284109662
364850018
50408292
239971186
567094133
75541368
550546301
86748035
1026948
164375435
283847564
42642332
51260317
163720095
21539746
304294825
224603053
7252915
58043319
555527116
338895
481110993
253406163
5975000
520465370
410004455
26029034
381922283
346926064
99494899
2599926
12233735
139930631
118598665
410299405
7875601
240200723
14691374
4926519
5581882
545172540
334179390
572369982
8727617
9186371
557427783
130133064
220146778
16198751
94907506
70003832
37596288
369601684
64892053
362163351
509619351
421211290
3222701
474885296
139177138
20786355
70790336
423701701
216640714
14363852
8629466
98708705
145796324
342240485
195603694
137440498
124071155
545926391
293842169
226405641
254782733
1060113
35335442
168144150
514174249
63581484
393588013
238955841
12037442
145304910
468233564
563326301
18787685
23014758
18623858
146877812
181349752
233287032
2534786
383135115
35892629
97627543
1093027
144780709
79801773
8727985
62074292
153562548
195603895
455683514
5123529
472657356
43593166
179482079
97332704
246787569
5877234
29142524
1650179
322088454
90287628
547794444
17313294
245575185
473083420
30060064
9416227
225029669
3452472
394014266
190590532
20164167
80916040
544484938
391589455
34483794
551235154
11742804
155659867
203304541
3845740
6368887
68333175
28552830
240037504
2076297
98676366
450997905
242298532
175782
15642279
566275755
403386029
153431730
183021239
203402942
377958082
216215235
152186580
70889175
108375775
64859872
346959585
147468014
459747067
241479427
167587596
5189394
315928342
16494363
356724507
11939613
136458020
47656749
520302385
348761910
15904568
115289918
557494079
175419204
219983685
448016199
228273995
287321935
37400405
4534111
184790891
77707
6139794
137768854
30748568
215363480
45297563
250556332
385462199
62664639
487468991
64270275
138129350
107884491
204746699
135016398
3583953
37302240
16396258
65056745
85405676
65810420
218247160
457715715
236400646
27275283
413249562
223064092
323399717
733226
1880107
74264623
283127859
296923189
356397110
534458423
536031289
6565957
7319624
159428700
3485793
410955878
4665450
27439215
230535280
114798707
385298549
87896187
193048705
475148421
32026770
13906072
12038299
9023650
443396260
200323246
487698611
41201847
9384121
265826494
6598865
151171282
27308244
155758812
109850849
469217508
180236520
102019322
295973123
561525015
165687579
58700069
38973742
5746992
567095600
2011446
87896381
134099273
304132427
159363408
81768823
21410176
155726225
54440339
241152405
517255576
422228398
143569328
156742065
213103025
93237687
43856314
157004219
107819452
248984005
405025226
451326414
43725272
285880805
72954347
35533301
430387704
6173189
2109959
31339019
34058774
423801380
57094706
323531318
251081271
142914111
373323
265204300
403157594
505459293
8368757
6533754
25080446
5255827
115552921
122008218
230437536
88486570
177418922
13710008
3912382
7779007
18297534
222507714
274412233
15086296
141472474
290370271
1815264
2306788
196653797
76591854
221262603
20394764
23671566
165884695
167228187
290337569
10531618
1028900
135672613
4174630
211235623
27177776
352924465
169751349
32748345
305050429
34190147
99922759
186331975
176436049
86979416
92582749
213496674
68760419
4010852
7189349
397980518
4141927
238695272
537572205
2306933
235058045
115782527
211268480
209236865
443855745
45822853
420295580
438907826
420164539
51950529
17085385
33108938
21410767
6108114
561296339
27276244
208057308
88880100
358822887
467809258
58733547
162903029
96416762
80196606
30454791
6075400
358953994
215266316
494449682
555463711
217265185
121320483
189576230
97203241
146846768
114308146
26260542
11514952
264057930
156546124
3978319
64533604
561230962
219657332
14169212
152614022
163591312
42218642
60568723
6403228
487339165
192820384
162870438
563655852
13485
15742127
426554548
59815102
36222172
10335454
367637727
7648483
526759141
370554089
43332848
215626997
386577669
173552904
53130511
308501
23475484
2962720
15971620
40645926
449033511
286143784
58766634
6665523
1979700
172668218
31995200
12727624
152352086
187217240
5223769
136918366
16364896
20395367
155235694
515683695
482817396
142816638
98579849
300430729
403617185
3257768
18068917
27571644
193443260
83768771
1226185
217953744
43824606
63321568
174667257
158217740
90256927
351155765
99268157
387724861
150484575
162739821
13612656
389068410
296597118
25081481
85177999
319665812
54113951
71087775
311113378
38745766
3028653
492091053
209172145
26687154
43103926
62764742
387561160
159692491
165918415
337557200
247445220
457946852
29079273
54441705
555366129
102053630
211334912
112396
16430862
177935
49559316
84850453
61519642
1488680
301414191
54507327
242399058
559560538
538457962
107689835
109623152
307017584
178861944
119814011
336312190
3979136
200652673
27178883
33601415
19511183
6666136
26523545
184301467
553924510
132855713
8927149
79247277
32683952
184530879
362428363
513914827
147371981
11581402
16955358
99563495
235157486
334215151
469645297
508246005
516700153
32258046
275396622
64108564
30652437
8796190
20559902
132429861
148322342
358168618
429045835
119552079
142850131
172505179
266844255
217987182
39696496
87799929
67123324
410040445
549435533
43235479
18757786
24557735
311179435
56408244
84228280
209467583
11647173
559855814
2537676
331266262
14203123
35076341
21903621
156940564
61487381
6535452
48642333
134166818
369146151
4897067
545241387
87341368
104806717
132495686
68467039
378714463
271006063
6371703
326777211
62110076
3783043
276869
16398734
10336664
184727961
2275743
518076831
148617655
390085064
16431562
4569549
167360983
207567329
4536809
291518954
368425451
6109676
145963507
28424707
9746955
186169870
16890411
5782061
51329581
327301679
102185533
5913154
63715912
82786893
356727373
229980780
97860206
263862898
182008440
435894907
115587712
33208962
312031875
257211018
548682378
5388943
444840591
150518422
12761755
139508383
33110688
23116455
377207465
30292663
369998520
211204815
241842903
170965725
497695459
34421479
235453159
1686252
7748332
411351801
368982784
183122689
177781514
221494043
482720540
336608045
175848239
2603835
246692668
221821757
220707649
21412686
15416145
26721108
62831450
7289694
342890
487504746
572277
473086837
238959488
17152897
44284804
128465803
1260448
54082465
18758578
12827578
395656127
10370005
194165720
11942878
335920094
11975650
318061544
144227305
382974952
182729716
414432244
153631737
46906362
97500158
41565184
2145282
97205262
511425553
1031191
132922396
163134519
466402374
177618000
525745233
3652695
122305625
551009370
27671645
30555236
1916019
46316660
136395892
236928121
182828165
268582027
452836494
107199633
180370580
8862880
541047972
113458342
20298919
70302888
173718698
26918061
335723695
237976762
151043259
157465791
18136256
81902784
282213581
131874005
106708183
376038
15908081
262814970
273399041
7453954
437140755
27442453
365378838
492780830
6372657
82820403
375012665
201866554
28949853
186793322
39173505
96353668
309771676
202194346
213171637
272383414
4865464
94420420
153337286
6438345
551239119
105364944
505527763
1752558
347454959
224214515
213827061
22887927
24821245
16629248
3063298
528662019
124993028
504217094
442646023
209698313
308133389
307084814
172015121
418299416
2571801
157007392
375504419
1654319
162774577
202456635
40975932
467910203
135446080
13581889
72531524
26525270
242531928
56016474
105102940
8994401
319929968
479641201
7159414
21806710
215760502
21347966
467517057
457326211
202063492
5324430
42811030
35438231
18661022
192265890
671397
2735783
70827693
48827
270515901
868036
122797769
374226640
178634457
331431647
402800359
70794984
139443949
142229230
93896441
20233978
171622153
6110989
515325711
155795219
95928088
136101660
69254947
19480357
81477413
28032807
103104298
31997740
86261555
332513077
258719547
160448317
11222851
704328
538853201
18726744
167624546
518045561
332054399
32259991
6537118
231554997
147079094
26558394
33243076
20234198
295026649
157794267
28917728
13287394
132562914
34848741
97697767
41795560
422592489
27475945
21315571
77217779
449331189
45924345
71942143
58441737
311305
40222738
76234783
16105510
159760426
436977711
74367030
59064377
491077692
9781309
407191614
303546433
250363989
257114199
441696343
109854815
12730465
512868451
6733944
283754639
183681173
299581591
50282650
34128036
4767909
484032683
520011948
248594610
266485952
439402690
13025498
2965731
29245670
86229222
476922087
199508211
139673847
8896760
314982647
127025420
5751066
69321003
226869558
215073081
170934586
8339773
197837117
37634368
6635841
41599296
556908866
125944135
191054152
471417172
438026581
229917014
549896535
545505647
216514932
468730232
95863195
291422623
36127142
2638253
62439859
23544247
476398009
542228926
146424266
11944397
38814194
216089078
178766332
14303740
2212349
494617088
7881221
512508425
284344844
218219021
8962589
178143774
565658142
236110374
256721449
137413165
379601466
36192828
20857417
479085148
442976
12272249
44384894
265405060
192758405
537870993
212386461
410273
297419449
558547644
299549374
55526094
329171665
462209746
18334420
164348635
16597730
414106340
390480614
62243563
68502253
135250678
33637111
279888633
128926466
137052959
416858917
305480490
142689093
28066632
10175306
59818833
246039378
43696988
61457244
514540398
27476849
102155128
150455161
112903044
232735623
1393553
3097489
56279956
354665365
11846551
341525407
187057056
57131939
45761454
18432944
141050802
410555
89539530
78922699
277660619
249152462
50906064
191480790
9618395
489604066
237323243
496288766
246957056
207176711
453985289
100353045
197608471
38487066
17581092
148587556
523289639
45138988
181224493
19416117
331957304
193774655
50414656
248136772
101499982
50262
136004705
12698723
287687788
394380398
484099182
38061174
138658954
39830667
403162252
5719182
424559759
288015513
23872666
341689500
335398045
9258142
33375390
443434156
44450992
192922809
6014141
54871232
37635274
74826956
465716440
16631002
370197723
414565607
377734377
260162814
38225157
194692360
515360008
10470667
76072209
164971794
7292183
61228311
150816033
145769771
81642797
19875118
402048303
32982320
71288116
44057910
175949114
546522430
299058496
69584203
116475218
353191251
110413146
72926557
58836320
395330921
426591609
24069504
227394946
134661508
251741585
483607953
309773719
9258395
229655969
267928997
2770351
8373679
283329967
21317056
416269765
240633288
169199053
419513807
569132498
274843091
40093140
31966682
13223388
73975273
15222259
360138237
559138301
14534157
217335309
485377553
525551123
337626644
51201557
192103958
545441314
29672997
209274407
93472317
4277826
507987529
6899293
47466077
57034339
1656433
136234626
220415619
68798088
284247689
127026849
47400610
17647272
22562492
28362428
145082046
5457603
421742279
385369802
23447251
7554780
3524317
194463455
34195173
138266343
387630832
310363897
25839359
15910656
19121928
197674761
394807051
9750285
97142555
935709
113264420
92555045
411430
66701098
32720696
250955586
72435523
299779907
345926
13354829
76597085
14731103
1394544
228935543
539051911
560318357
391169949
32753567
186304422
212944806
285296557
497043375
224806833
76892083
232605620
385894323
114411448
101730233
152324037
11716550
374982599
60147666
293226452
284739542
74663901
9783269
23054316
4671468
29476846
134137845
552814595
13518858
567396370
133580832
294832169
7161899
71518254
563922998
16336951
534693953
427051075
34129989
13224044
171952245
394020982
12241021
322095232
401852544
8374402
405981318
173754506
22726795
11552909
199805071
157894803
55330966
5949591
74107039
60508323
5884069
141379749
70305959
170805425
166283449
374130875
320358589
10373310
63752386
94161091
6080727
6703328
439175392
172411109
568805611
17549551
5523702
20924664
10897658
231819516
266946822
303515915
542755103
226937124
432621865
20171050
567822640
1919291
284903743
2738501
109005140
504711522
168118630
49367399
206063986
149408119
161008001
401230214
242207112
100354444
244631954
3197333
51606
226183588
359090598
185944517
116148682
969164
54741452
23382488
22530523
234015196
2017765
184437239
11913726
53561856
372427264
17779203
1690117
114149895
258296340
369642010
179063323
58772013
5556782
318753335
2771513
67258942
11586111
313932
272517709
443107924
2706013
215649
532630118
145017449
88361591
80562812
155437701
3951251
502090391
406178458
151538331
445106849
567003829
94751416
260197054
28986077
8964835
71092967
154028777
18074357
184797946
385207044
154684166
805641
448482063
21711633
206424851
379692
70077230
35146544
189320001
153668421
251841350
13585225
25021258
135220050
195840870
1821549
21482354
175721336
100453241
232016771
32066447
554617746
129944468
149048220
89115557
375409587
48581562
413617082
536234940
674752
377539522
350899146
543378384
248531931
15387617
240798697
348736493
555535353
173394947
25447443
276220950
267209757
22039591
339430439
159501354
201182251
248957997
145837104
214551603
29183039
462244928
245255239
10308683
213208149
5590102
144264280
52319
31968351
111135842
524110959
60836986
14568572
8080509
969856
356142212
307645575
47369353
122539154
10570901
92458133
386157730
26463399
40783023
503958705
58543287
153636026
330648765
253381828
30788817
171723986
30264531
21613788
53857515
189418732
124865782
7163127
44616956
132599038
6049025
342248720
187550995
180243740
6966558
8703279
62115136
45370711
443403618
79940989
217304454
4672909
442158479
211963283
480923032
65621405
1297826
146820521
576938
18140591
1854905
144919994
54873534
77483454
565759457
25841122
165629421
214322676
236473849
301813248
225136131
255544842
22007315
326880788
14274075
6868511
62344738
367644196
7392819
167497268
294407770
380510
568807006
269667939
64441956
12897903
136203890
56544893
310136447
462409349
512183960
17518235
266587808
544460449
500879023
18861746
16174771
238833331
163401416
3591881
400871115
397397709
43175642
103927522
839396
142888676
553766634
424726276
29904645
157667083
14405390
10243857
485052180
219664152
47730461
471650077
290508580
166809388
179097389
56184633
272781113
477941567
572444486
270159689
451628873
51433293
66834255
11980629
52318044
108875615
413542
543215465
20107117
77254516
231133048
150065020
9817982
481480576
116641669
260624265
26726289
35180436
7655320
34328495
11489203
103141302
14602170
198692809
3198924
31018962
511201238
199217126
18108395
6508547
383373323
379605007
458641435
74928161
12865570
203018275
104747046
397496367
34000945
30036018
529158193
6410295
37474361
17289280
66375745
105664581
18665542
260690009
401985642
207343728
5132406
58773629
10604673
221302914
1593480
130863240
495669387
5361808
288346269
24858790
400347314
89673920
418533576
24629454
2609367
105861335
18436314
422695132
480858341
3231975
241029352
27152638
324882690
7590157
531091732
34263317
135090463
457986336
321278243
550654256
16240954
397463871
281923918
218583380
15880534
469586263
35836255
21746028
181195139
91181450
470798737
7786903
137843095
15716762
345985439
163107232
4870566
473452970
34656683
209441196
182931887
499569071
493736382
253678025
379638217
137712077
101044695
43766236
231756255
165171685
168153583
253809136
16011761
509071855
283005453
75911694
353358349
321573395
55267861
491016731
424104485
549507627
35902003
3265103
143053391
182571604
553898588
243946082
774759
59658888
186929805
400773791
202003106
187749033
34460334
190108338
133092023
1495753
518673101
129946320
7951061
144888537
35214042
569365211
395334369
178672355
490033892
282055407
537088761
342971152
138564369
444486421
742168
212980509
133026593
317936425
299356979
155505460
296801080
15848250
42292042
42324815
11948880
162059093
75223936
303944587
493474701
11195282
75289502
275960735
1987502
367416238
501306288
17552306
24105920
1430465
160224198
21320650
210916299
401953741
13980621
18273238
31609815
88036313
549114842
567137249
32887780
273568744
71980010
39638001
104748028
62182406
239260689
556749844
416175126
189781026
53892132
450581545
190207019
34034732
7820335
418599983
21554
293688379
159077435
170316862
30790722
144888898
42226767
136795217
38392918
151016537
513463387
374297703
6706284
170546293
6771833
2806908
153048192
34034817
327832710
60839061
198825114
278746268
10048671
463361191
93967528
44717227
183194801
3396787
4314294
557274312
178574537
206001355
476665037
41866453
502944984
4019466
7361827
18765095
119723308
447789
403297581
3986739
4216116
282809651
473716024
531322175
271865163
48518495
339826023
402281833
2905456
14505332
183883139
37868933
207115659
141317516
259806609
1234322
326882717
81515937
35411367
4511172
221402564
327472601
26465755
49141216
4019692
132994545
153015795
91575797
469423606
6837764
710155
4412958
516904482
71587364
5002789
119658023
169039401
378328628
81745469
14865982
375117375
12277312
97506894
10311266
30103147
178968185
20403835
246634113
3528322
330815123
17618584
171857560
377575065
1005211
516970136
164451997
367974046
54777502
300963487
16635558
169629350
22632110
123426483
18405052
499701437
174544595
30496469
364467925
441407206
26924780
29021936
524310258
65492731
250664712
352474902
214488863
309090090
398743354
1005378
138073934
534468432
484202335
49567589
237852518
473585521
140924790
142006141
72931205
29775766
174938012
102160293
394844076
160094137
314070975
550885328
297490386
116086743
285726685
258889694
52877280
579554
7755749
11851752
28366826
514938859
134797293
16734196
10770424
178345979
188667905
234903558
144889864
469555208
24139786
219830283
511432720
360306706
92755990
538236950
28497956
307746852
88135719
448554
5101612
84072494
214030388
507369526
1562681
9721921
563238996
543742038
14800997
12834919
252008
61298792
180246638
2185333
5658743
15325306
484792450
213080196
260397194
135157900
490002572
297064592
353982612
88215
15259799
182769817
3201178
243816605
29513900
156555445
147609784
148134076
349755585
12802248
219351
327997659
543283420
48617695
368433382
131520750
39868656
531781877
5757192
41507082
15456526
485251361
63232293
217045291
366991661
87284025
35969345
678222
11426132
11032918
76208470
106944856
188668253
234838366
183294307
55236982
87841152
15030658
508156293
231397767
6740361
133880202
8149393
1530266
79616410
383277488
538335697
223402464
3561957
64281062
48093683
154393079
19520000
71096833
94362120
462215692
645645
447207956
261741080
413817369
478370328
121231899
288938528
454875683
205904423
549902909
11655745
181852745
47798860
118676044
297032273
18635348
227301977
132602458
126409316
106224230
143710825
5724785
250075763
481024635
16898690
1301132
144857744
319937182
89414307
163601069
299096771
145087179
363551436
343628495
126474968
58415834
343071460
248732394
14867191
463067897
118086395
32267009
50944780
397859614
10410789
182541093
221567790
28531503
52615989
20732732
33512253
235166525
1203007
3365698
423451460
559471429
26893139
17226612
4152182
69426042
535124876
51895186
52452245
172678039
225991578
248077210
107535265
110975907
375020451
7035833
214457275
569695169
2972611
348969927
485252041
282090459
263445469
291298270
479419362
262036451
45439987
130178049
4774933
86957088
505240633
118086722
27221075
69688404
14769239
96689240
323247198
535682164
29514869
13360251
86531201
245259394
39869571
492428419
189783194
550329500
135945376
421682345
538467498
2940077
110419117
98557119
340188363
329440473
279141596
23944414
94854368
1465587
22600949
73587962
451304698
496459002
540826876
14867723
6216981
38395157
29252887
141253917
524999973
34004265
463789354
162422059
9231674
267017543
137157973
203971925
287563095
365059436
16538997
482270583
158457210
566418844
531389857
91381156
1236389
240508326
14015911
15130023
6217135
156425649
225303993
305356218
81911230
248143295
220716488
250142157
121134545
908766
517430755
29122031
357031411
53566973
481123840
210394629
187260422
184671752
188440075
235396619
26041876
131784216
20897307
38133277
156589599
430562848
40099387
36920899
563666518
121429592
20733530
245194332
7495269
23846503
10575464
25648746
11558528
442982038
15228572
46325406
278945439
61169318
1695424
212721345
50355916
548855502
146628303
548560
149216980
29286106
291757795
233463524
6938352
69525232
134274800
13295350
487382777
8773371
121364226
210722565
187064076
50618128
63528725
52944662
286491
206823195
5037856
10444579
16244519
21585705
244309801
188047153
22241074
420863795
190340920
431480635
25026365
268525376
453402433
182411082
83418965
37871464
246144874
267575153
7069562
39214973
172351369
326950798
97902483
526802841
131751844
203448231
152854441
378953643
107765676
367845301
83320759
84402105
291168192
72769475
679879
181067719
92823498
1007566
1826770
15130586
161472474
266592224
7954407
3235816
358768619
3366893
372826104
7168001
75522059
58417168
17784849
559865883
208396316
375054372
154853418
135290925
257613870
171302962
7462964
418832453
27910218
614484
554983513
500162653
366010462
426958946
15229027
45408373
409788546
2613381
120348808
140796047
450716
44589221
18407603
470081716
29909175
2121914
541089983
24371394
114712770
310010057
3072206
133488851
357753057
33874147
464117997
21717231
547217648
300441841
52682999
109764855
58548481
345563400
87417104
40853780
215441686
441082147
10740009
57434413
24882
6316339
219734322
365027634
1958209
483844420
344580447
222781795
177168741
147906922
381018482
237658484
320823668
94167414
215310711
81912199
110125450
157344139
30564773
2417069
78537137
72638898
90554
216883662
96133586
247456217
231563738
27746781
189719019
424927724
83911151
10150400
3826187
203678222
32694806
317481495
2286107
433578532
37020204
222749245
175137342
10805823
219931199
523788861
48489037
319283795
198730339
155279982
3990128
18539124
3924605
8708741
10936965
4809352
117465737
141877905
165143189
91677341
12280483
132080298
3498668
43705010
121823930
4088516
30433994
218489551
6251217
26075859
6218459
497509090
7201510
104981227
19489517
201515758
35906294
116876026
24011515
349037325
680723
9921312
51962657
16868146
92955451
101868349
479388484
1434438
27288390
153248582
89744201
305718089
3138382
19161940
325641047
184607578
240051037
148071267
208266091
364995437
215901041
78766975
15328139
535454603
3203987
3269528
269902777
6251451
66675644
132932546
31744968
90629071
239854547
240968660
308700128
143614955
48161787
188113917
155640839
1565712
209544215
341697559
48423963
20046883
533586984
10282025
76211244
28894264
156001341
17294413
131785805
168354906
180249694
44819554
546694242
359621741
35513462
246178940
17130623
2450560
121693322
51111058
19817619
178021524
563668116
160720026
3171483
71066781
142271649
206496932
69067943
560260264
78210227
143844532
198829236
131523768
30598329
107766975
64251073
541353155
170124493
98198747
33776872
423257332
316794103
288482554
22111486
2188546
486761733
44983572
189097238
550171
273507619
119530798
456516911
273900863
355394881
6612294
23422284
173958480
233104726
16442714
521528673
301917542
184182123
80045449
181429643
318039435
161506703
301196693
447899034
153609628
7202205
61072798
89417126
67528105
237036973
5105071
27583921
32957876
161932724
170780091
189457852
55502270
20080063
253552073
22799822
284386770
143943131
13133276
85911004
82961896
508061161
31614453
40068598
336684534
61662722
153642500
431252999
377054734
36464145
42853910
615965
19162655
91448863
171107872
45704754
812607
171730506
74868299
286975564
54748755
223405653
69592673
8480375
59631230
76965502
197682823
459663008
78276259
12707495
94922413
434398898
202467003
11200189
132835017
249882319
27944661
374990555
7825116
457565915
159672031
39741155
83748584
448784119
24897272
85452542
124184319
153020173
8775446
28370711
210659097
29091620
483714855
121268010
202041140
62383926
205809469
330164033
263513923
90761029
1763143
180578123
170944343
211937113
235136866
132769640
104163178
218392428
523396982
113108856
377153410
289105801
141125517
45213586
17426333
543352737
9004966
681896
340748202
186574767
38922160
173926341
242182087
50063326
393013220
81127397
83814375
315647977
29485034
360212474
160262140
31778819
9365509
139225093
134670353
5859353
215509018
225830946
445802546
325314611
42559541
5204047
40626267
17360991
543287403
92281
357656717
22702222
160950420
11692233
324200655
555542749
103377124
246900980
152168700
63760637
306702601
206563597
181365006
25782549
502196503
265775394
449112361
103639351
297593158
564652360
200730958
9922897
261220690
560884063
16673121
21129570
358672747
154954093
225798509
462842228
21555575
90335611
263907716
205973897
353200522
5007755
7629196
79161740
144370067
474966421
507931041
102525358
93907388
4843985
17689042
385182164
42002906
1731036
21555697
122972663
27134
616963
158263815
30763533
748053
54651418
534866469
4778536
99871272
24668716
337832505
3369549
388262480
119827035
6285925
69364330
413788779
25848429
485321332
10218101
260500087
80767612
337537660
489450117
14445194
413362850
27126438
200567464
26340012
152398532
569141960
528542409
143026894
563866339
558787302
131656424
3894004
355069
400648959
18836225
334457604
50424582
160623367
92891914
331475725
148368143
12675862
227896095
527002407
510978875
547777343
468773700
38923077
9366346
313813837
382397263
6056790
189066091
4352878
10644347
196995965
138636170
2157454
143223696
98397073
44034962
22702995
75557789
426929064
9300908
364735413
503245749
43019195
75951048
132180944
162458588
337832939
6614008
223505404
62123016
37219337
462547982
97512474
96562207
60714029
374303802
249588795
220032067
491744323
21294151
30108743
7498826
73985100
15330384
12971093
231631962
37514339
199683174
205974630
30010474
105835626
215411819
156036206
1830005
412871810
154954887
425749645
188181655
8416411
4746398
286616741
203353254
18115763
410774722
376237275
90893532
65662175
272002272
55438578
13364470
184184056
13331714
98266381
480439568
236121363
124808470
88010012
17034532
26537281
45772098
163671378
549514583
209481080
54324606
355986825
442330540
216919471
33353148
2452935
188673484
532508111
26996179
4451797
512781782
5959132
19295708
386362848
194244067
569634286
38563313
436006395
410250748
154856971
60091939
101183026
3239482
14085692
466939467
73789006
26308175
210300494
197979735
3305067
184807023
95579765
146075254
33353337
122678905
120221317
42200725
41184918
145944218
386100891
425258650
506130089
53898924
525332144
123530933
200765112
402943675
122711758
58420951
189689563
91975410
5467891
8843002
84537085
443019017
95743755
259092240
193818386
70184725
187821856
176942881
306736934
187330352
151646005
25521976
415723320
431288127
515862335
252505926
4845383
193752910
388956
138243945
148893546
358412144
380268415
26570624
145387399
17493902
455733139
20213655
1666976
847795
35057596
478703548
25948096
9924545
544632776
5500879
483454933
81260516
205254629
44298217
14118898
35876855
66088963
117108739
414052362
242380811
6090778
6090792
13856808
13692970
8581173
53178424
191721547
144994383
223178845
250867809
274853991
289468535
4681855
6942848
17789055
456454276
411463818
550039691
35614860
472248470
485159069
396718245
393834674
11432122
394129600
7205065
141521099
406581452
160854250
12415213
29389037
69431533
231829742
385151213
15659250
12284149
191983877
247623948
2814227
5304595
4845854
10219812
880939
166261036
198603052
162689326
516452666
9826622
84275533
426045781
103215448
265515352
166424924
115994984
243167607
32567672
98038159
128545188
31125926
1700263
20869545
3895728
207876531
216560054
33812920
21787068
193851842
66056645
7270872
378106329
213316062
1077727
516125150
273215970
132739566
518287858
539947508
95810049
145551874
561967620
4682249
305885705
441512464
549417490
4649496
69366307
379482660
2683430
156529191
346321448
550662698
187691568
5272124
283013693
238481984
535163457
11760199
407794251
175534685
447803997
481522271
176812649
14545518
256045679
495579761
15200887
88076923
54719101
484668030
346354304
3371663
171209361
417329812
651939
109277861
23589549
249918133
60879547
16544444
357888700
20181697
529986244
163672777
153711311
425915096
18805465
30339806
163312363
255947543
17724199
225735465
52196138
26407726
14676783
14250826
552006474
10875726
279769936
498168658
1340254
5632865
267383651
220328810
109769589
152138621
503116670
19592071
32306073
487912346
53310364
12055454
349729696
11793325
60355506
195654580
50852790
8647621
397177802
1274827
88077259
388395987
102462421
484045788
22508516
52884452
914407
164721639
255783917
295203822
19067897
13628411
153973755
343798788
12416024
258077720
9925686
2290751
213087295
112391233
139261004
233993294
234255444
30209111
41284710
375977067
288519284
460715129
448066694
58651784
352253070
2389135
254211216
325645466
506393754
9204893
155481245
60748959
6026400
250868899
8516782
160036021
271905990
46429396
290944217
8615154
240645365
364770551
134837502
303953153
239629574
163771659
11760910
287569167
554257
229635353
19756318
48657700
68908326
4650283
430699831
205780283
122910019
192804168
185660748
358937932
91878738
140244309
30043
482243941
422868332
171636083
53933431
83654014
361100673
413005186
493450627
31126928
2061716
343537050
231830945
92075426
34502054
216331686
470513069
110097843
365295027
571110872
171341280
295499235
139064811
237893123
15267334
5043722
1996299
420181515
30233
5862940
38893089
80803362
14349860
175011367
68711978
62354991
175699504
1865266
491714112
14743111
47478347
505607759
6125151
165705314
2193005
159151726
309622387
118716021
17069703
50460302
97253012
7042719
31782559
539162272
67892911
136246960
515012274
12940979
234714814
161281734
214431431
189494984
32962253
37287634
150304466
122320600
141883099
12908258
379942632
13399787
155481839
15202042
212924165
55867153
527070995
41383706
257128223
280164138
173733688
210401084
58488645
220133193
278230860
34961234
317716315
160069474
12449639
466122600
568620906
103380845
23918454
175929209
17725320
440825740
36206477
169244557
122779547
18708380
1144736
5502899
8255418
501446587
3536844
472774608
64714739
295434230
3373047
162723837
13531146
377649166
14120978
29816867
5142569
150468666
569636928
554334274
2553935
106428498
58357845
200341591
560035942
525072492
236976241
252278913
540997771
2848913
135166109
570947745
286718114
6781101
299530414
155449528
397998270
38697168
185366741
653527
477690077
170522847
16840936
390428906
381253874
44071163
24180990
96991487
267286782
111507716
229243143
154171667
569768211
20445472
50297125
9074983
1734969
441317692
339671358
8976721
189069652
144505173
10385760
39647591
347797881
12515706
507967877
2587034
429029791
474773919
198113705
89749944
385513913
498923974
310442440
271186378
15563214
134969815
503478747
85555677
26180079
784885
18577910
219642359
97942019
407337481
41908759
7830040
162333
209123880
290093621
286489142
51149369
423393854
55736907
3570258
73497190
17169012
31062646
331512463
472283791
310639249
415988369
11532953
11532957
100432553
391864
286816955
313490113
147323599
322173654
158890714
194968292
252115687
113375989
472775427
15825672
156367625
316832522
124287758
487979804
144210724
476019497
151845690
252148545
144636744
5962578
527694676
86997856
243792737
428407652
89160553
23591788
142703468
431782767
3865459
25459594
13302671
392081
5012371
333872021
425655189
14646172
143391646
300252063
2194334
1309599
565017509
563084199
436927402
445447093
49281981
318897091
412416966
150567883
508460000
85261282
132316135
3800041
262241259
19037173
74218498
45612038
16776208
186317840
60619795
269614102
27163682
109280292
10157117
556103
465960008
120028242
51706965
478805077
39844951
163773529
274398297
370474093
19659918
277511311
137329809
4324500
197655708
448396444
28933284
327842989
19496112
5307572
458423486
141622467
38763717
3079367
1342675
102464729
396262628
5405927
307231988
66026742
3734779
106790139
175340799
308870399
401145092
226721034
406650124
52591890
75005214
15858980
6421799
21265711
92405050
69958976
188775769
535559562
70155666
15433109
441613730
9371053
183827888
61603258
202538426
155057596
3308989
158727618
77528515
20446665
423361994
1965530
319782362
137493980
116850149
317783525
391642601
30408170
313032173
568917490
4718068
372932085
274365942
9174521
38141434
324402697
90209803
35847692
536313373
106200609
18120230
33160746
99155499
455802412
58064437
1179194
36339272
358022739
223149655
101580378
186252934
84082325
178257560
438533785
555482778
9043624
7765673
13794984
211746474
131792557
50003644
71237318
129400520
330727114
324009679
21397201
59965137
53018324
511639263
372899556
33980137
87228147
386957049
484736799
189923107
20250404
145456934
22445867
18906947
1539929
89718623
220987231
268304224
448561006
419659631
348127092
93683588
251887499
148012943
75169681
4587419
62586783
91389856
69992353
54689698
2293668
159219622
191299506
488210374
3735494
56721352
163282890
307920844
90800089
9404390
11206634
21495791
229048307
884729
